@00
00100000
00000100
00000000
00001000
00100000
00000101
00000000
10111110
00000000
00000101
00101010
00000000
00100000
00000101
00000000
11101111
00100000
00000110
00000000
00010000
00001100
00000000
00000000
00010000
00000000
00000010
00100000
00100000
00100000
00000101
00000000
00000000
00100000
00000110
00000000
00001000
00001100
00000000
00000000
00010000
00000000
00000010
00100000
00100000
00100000
00000101
11111111
11111111
00000000
00000101
00101100
00000000
00100000
00000101
11111111
11111111
00100000
00000110
00000000
00010000
00001100
00000000
00000000
00010000
00100000
00001000
00000000
00000000
10101100
10000101
00000000
00000000
00100000
10000100
00000000
00000100
00100001
00001000
00000000
00000001
00010101
00000110
11111111
11111101
00000011
11100000
00000000
00001000
