@00
00001000
00000000
00000100
00100000
10111110
00000000
00000101
00100000
00000000
00101010
00000101
00000000
11101111
00000000
00000101
00100000
00010000
00000000
00000110
00100000
00010000
00000000
00000000
00001100
00100000
00100000
00000010
00000000
00000000
00000000
00000101
00100000
00001000
00000000
00000110
00100000
00010000
00000000
00000000
00001100
00100000
00100000
00000010
00000000
11111111
11111111
00000101
00100000
00000000
00101100
00000101
00000000
11111111
11111111
00000101
00100000
00010000
00000000
00000110
00100000
00010000
00000000
00000000
00001100
00000000
00000000
00001000
00100000
00000000
00000000
10000101
10101100
00000100
00000000
10000100
00100000
00000001
00000000
00001000
00100001
11111101
11111111
00000110
00010101
00001000
00000000
11100000
00000011
